Add the svg
<svg
  width="16" height="12" viewBox="0 0 16 12" fill="none"
  xmlns="http://www.w3.org/2000/svg"
>
  <path
    d="M14.78 4.32H15.32C15.48 4.32 15.61 4.26 15.71 4.14C15.81 4.02 15.86 3.89 15.86 3.75C15.86 3.61 15.81 3.48 15.71 3.36C15.61 3.24 15.48 3.18 15.32 3.18H13.94L13.1 1.74C12.82 1.3 12.47 0.959999 12.05 0.719999C11.63 0.479999 11.16 0.36 10.64 0.36H5.36001C4.84001 0.36 4.37001 0.479999 3.95001 0.719999C3.53001 0.959999 3.18001 1.3 2.90001 1.74L2.06001 3.18H0.680015C0.520015 3.18 0.390015 3.24 0.290015 3.36C0.190015 3.48 0.140015 3.61 0.140015 3.75C0.140015 3.89 0.190015 4.02 0.290015 4.14C0.390015 4.26 0.520015 4.32 0.680015 4.32H1.28001L0.920015 4.74C0.400015 5.46 0.140015 6.26 0.140015 7.14V9.96C0.140015 10.4 0.300015 10.79 0.620015 11.13C0.940015 11.47 1.34001 11.64 1.82001 11.64H2.96001C3.40001 11.64 3.79001 11.47 4.13001 11.13C4.47001 10.79 4.64001 10.4 4.64001 9.96H11.36C11.36 10.4 11.53 10.79 11.87 11.13C12.21 11.47 12.6 11.64 13.04 11.64H14.18C14.66 11.64 15.06 11.47 15.38 11.13C15.7 10.79 15.86 10.4 15.86 9.96V7.14C15.86 6.26 15.6 5.46 15.08 4.74L14.78 4.32ZM3.86001 2.34C4.02001 2.06 4.23001 1.85 4.49001 1.71C4.75001 1.57 5.04001 1.5 5.36001 1.5H10.64C10.96 1.5 11.25 1.57 11.51 1.71C11.77 1.85 11.98 2.06 12.14 2.34L12.86 3.6L12.5 3.84C12.02 4.16 11.5 4.32 10.94 4.32H5.06001C4.50001 4.32 3.98001 4.16 3.50001 3.84L3.14001 3.6L3.86001 2.34ZM14.78 9.96C14.78 10.08 14.72 10.2 14.6 10.32C14.48 10.44 14.34 10.5 14.18 10.5H13.04C12.92 10.5 12.8 10.44 12.68 10.32C12.56 10.2 12.5 10.08 12.5 9.96V9.36C12.5 9.2 12.45 9.07 12.35 8.97C12.25 8.87 12.12 8.82 11.96 8.82H4.04001C3.88001 8.82 3.75001 8.87 3.65001 8.97C3.55001 9.07 3.50001 9.2 3.50001 9.36V9.96C3.50001 10.08 3.44001 10.2 3.32001 10.32C3.20001 10.44 3.08001 10.5 2.96001 10.5H1.82001C1.66001 10.5 1.52001 10.44 1.40001 10.32C1.28001 10.2 1.22001 10.08 1.22001 9.96V7.14C1.26001 6.5 1.46001 5.94 1.82001 5.46L2.48001 4.5L2.90001 4.8C3.58001 5.24 4.30001 5.46 5.06001 5.46H10.94C11.7 5.46 12.42 5.24 13.1 4.8L13.52 4.5L14.18 5.46C14.54 5.94 14.72 6.5 14.72 7.14V9.96H14.78ZM12.5 7.14C12.5 7.3 12.55 7.43 12.65 7.53C12.75 7.63 12.88 7.68 13.04 7.68C13.2 7.68 13.34 7.63 13.46 7.53C13.58 7.43 13.64 7.3 13.64 7.14C13.64 6.98 13.58 6.84 13.46 6.72C13.34 6.6 13.2 6.54 13.04 6.54C12.88 6.54 12.75 6.6 12.65 6.72C12.55 6.84 12.5 6.98 12.5 7.14ZM2.36001 7.14C2.36001 7.3 2.42001 7.43 2.54001 7.53C2.66001 7.63 2.80001 7.68 2.96001 7.68C3.12001 7.68 3.25001 7.63 3.35001 7.53C3.45001 7.43 3.50001 7.3 3.50001 7.14C3.50001 6.98 3.45001 6.84 3.35001 6.72C3.25001 6.6 3.12001 6.54 2.96001 6.54C2.80001 6.54 2.66001 6.6 2.54001 6.72C2.42001 6.84 2.36001 6.98 2.36001 7.14Z"
    fill="#050B20"
  />
</svg>

<svg
  width="18"
  height="16"
  viewBox="0 0 18 16"
  fill="none"
  xmlns="http://www.w3.org/2000/svg"
>
  <path
    d="M18 9.36999C18 11.41 17.4 13.23 16.2 14.83C16.08 14.99 15.92 15.08 15.72 15.1C15.52 15.12 15.34 15.07 15.18 14.95C15.02 14.83 14.93 14.68 14.91 14.5C14.89 14.32 14.94 14.15 15.06 13.99C16.1 12.63 16.62 11.09 16.62 9.36999C16.62 8.00999 16.28 6.74999 15.6 5.58999C14.92 4.42999 13.99 3.50999 12.81 2.82999C11.63 2.14999 10.36 1.80999 9 1.80999C7.64 1.80999 6.37 2.14999 5.19 2.82999C4.01 3.50999 3.08 4.42999 2.4 5.58999C1.72 6.74999 1.38 8.00999 1.38 9.36999C1.38 11.09 1.9 12.63 2.94 13.99C3.06 14.15 3.11 14.32 3.09 14.5C3.07 14.68 2.98 14.83 2.82 14.95C2.66 15.07 2.48 15.12 2.28 15.1C2.08 15.08 1.92 14.99 1.8 14.83C0.6 13.23 0 11.41 0 9.36999C0 7.76999 0.4 6.27999 1.2 4.89999C2 3.51999 3.09 2.42999 4.47 1.62999C5.85 0.829993 7.36 0.429994 9 0.429994C10.64 0.429994 12.15 0.829993 13.53 1.62999C14.91 2.42999 16 3.51999 16.8 4.89999C17.6 6.27999 18 7.76999 18 9.36999ZM13.44 5.16999C13.6 5.28999 13.68 5.44999 13.68 5.64999C13.68 5.84999 13.6 6.00999 13.44 6.12999L11.16 8.46999C11.36 8.82999 11.46 9.20999 11.46 9.60999C11.46 10.29 11.22 10.87 10.74 11.35C10.26 11.83 9.68 12.07 9 12.07C8.32 12.07 7.74 11.83 7.26 11.35C6.78 10.87 6.54 10.29 6.54 9.60999C6.54 8.92999 6.78 8.34999 7.26 7.86999C7.74 7.38999 8.32 7.14999 9 7.14999C9.4 7.14999 9.78 7.24999 10.14 7.44999L12.48 5.16999C12.6 5.00999 12.76 4.92999 12.96 4.92999C13.16 4.92999 13.32 5.00999 13.44 5.16999ZM10.08 9.60999C10.08 9.32999 9.97 9.08999 9.75 8.88999C9.53 8.68999 9.28 8.58999 9 8.58999C8.72 8.58999 8.47 8.68999 8.25 8.88999C8.03 9.08999 7.92 9.32999 7.92 9.60999C7.92 9.88999 8.03 10.14 8.25 10.36C8.47 10.58 8.72 10.69 9 10.69C9.28 10.69 9.53 10.58 9.75 10.36C9.97 10.14 10.08 9.88999 10.08 9.60999Z"
    fill="#050B20"
  />
</svg>;

Fuel
type: <svg width="18" height="19" viewBox="0 0 18 19" fill="none"
           xmlns="http://www.w3.org/2000/svg">
  <path
    d="M10.68 3.86C10.68 3.7 10.63 3.57 10.53 3.47C10.43 3.37 10.3 3.32 10.14 3.32H4.50004C4.34004 3.32 4.21004 3.37 4.11004 3.47C4.01004 3.57 3.96004 3.7 3.96004 3.86V8.36C3.96004 8.52 4.01004 8.66 4.11004 8.78C4.21004 8.9 4.34004 8.96 4.50004 8.96H10.14C10.3 8.96 10.43 8.9 10.53 8.78C10.63 8.66 10.68 8.52 10.68 8.36V3.86ZM9.54004 7.82H5.04004V4.46H9.54004V7.82ZM17.16 4.46L14.88 3.38C14.76 3.3 14.62 3.28 14.46 3.32C14.3 3.36 14.19 3.45 14.13 3.59C14.07 3.73 14.06 3.88 14.1 4.04C14.14 4.2 14.24 4.3 14.4 4.34L15.24 4.82L15.18 5C15.18 5.36 15.29 5.68 15.51 5.96C15.73 6.24 16 6.44 16.32 6.56V13.4C16.32 13.56 16.26 13.7 16.14 13.82C16.02 13.94 15.89 14 15.75 14C15.61 14 15.48 13.94 15.36 13.82C15.24 13.7 15.18 13.56 15.18 13.4V8.9C15.18 8.26 14.95 7.68 14.49 7.16C14.03 6.64 13.52 6.32 12.96 6.2V2.72C12.96 2.12 12.74 1.6 12.3 1.16C11.86 0.720001 11.34 0.5 10.74 0.5H3.96004C3.36004 0.5 2.83004 0.720001 2.37004 1.16C1.91004 1.6 1.68004 2.12 1.68004 2.72V15.32L0.900039 15.74C0.660039 15.86 0.540039 16.02 0.540039 16.22V17.9C0.540039 18.06 0.600039 18.2 0.720039 18.32C0.840039 18.44 0.980039 18.5 1.14004 18.5H13.5C13.66 18.5 13.79 18.44 13.89 18.32C13.99 18.2 14.04 18.06 14.04 17.9V16.22C14.04 16.02 13.94 15.86 13.74 15.74L12.96 15.32V7.34C13.24 7.46 13.49 7.67 13.71 7.97C13.93 8.27 14.04 8.58 14.04 8.9V13.4C14.04 13.88 14.21 14.29 14.55 14.63C14.89 14.97 15.29 15.14 15.75 15.14C16.21 15.14 16.61 14.97 16.95 14.63C17.29 14.29 17.46 13.88 17.46 13.4V5C17.46 4.76 17.36 4.58 17.16 4.46ZM12.96 17.36H1.68004V16.58L2.52004 16.16C2.72004 16.08 2.82004 15.92 2.82004 15.68V2.72C2.82004 2.44 2.93004 2.19 3.15004 1.97C3.37004 1.75 3.64004 1.64 3.96004 1.64H10.74C11.02 1.64 11.27 1.75 11.49 1.97C11.71 2.19 11.82 2.44 11.82 2.72V15.68C11.82 15.92 11.92 16.08 12.12 16.16L12.96 16.58V17.36Z"
    fill="#050B20" />
</svg>

Year: <svg width="18" height="19" viewBox="0 0 18 19" fill="none"
           xmlns="http://www.w3.org/2000/svg">
  <path
    d="M14.52 1.63H13.86V0.970001C13.86 0.77 13.79 0.6 13.65 0.460001C13.51 0.32 13.34 0.25 13.14 0.25C12.94 0.25 12.77 0.32 12.63 0.460001C12.49 0.6 12.42 0.77 12.42 0.970001V1.63H5.58V0.970001C5.58 0.77 5.51 0.6 5.37 0.460001C5.23 0.32 5.06 0.25 4.86 0.25C4.66 0.25 4.49 0.32 4.35 0.460001C4.21 0.6 4.14 0.77 4.14 0.970001V1.63H3.48C2.84 1.63 2.26 1.79 1.74 2.11C1.22 2.43 0.8 2.85 0.48 3.37C0.16 3.89 0 4.47 0 5.11V14.77C0 15.41 0.16 15.99 0.48 16.51C0.8 17.03 1.22 17.45 1.74 17.77C2.26 18.09 2.84 18.25 3.48 18.25H14.52C15.16 18.25 15.74 18.09 16.26 17.77C16.78 17.45 17.2 17.03 17.52 16.51C17.84 15.99 18 15.41 18 14.77V5.11C18 4.47 17.84 3.89 17.52 3.37C17.2 2.85 16.78 2.43 16.26 2.11C15.74 1.79 15.16 1.63 14.52 1.63ZM3.48 3.07H4.14V4.39C4.14 4.59 4.21 4.76 4.35 4.9C4.49 5.04 4.66 5.11 4.86 5.11C5.06 5.11 5.23 5.04 5.37 4.9C5.51 4.76 5.58 4.59 5.58 4.39V3.07H12.42V4.39C12.42 4.59 12.49 4.76 12.63 4.9C12.77 5.04 12.94 5.11 13.14 5.11C13.34 5.11 13.51 5.04 13.65 4.9C13.79 4.76 13.86 4.59 13.86 4.39V3.07H14.52C15.08 3.07 15.57 3.27 15.99 3.67C16.41 4.07 16.62 4.55 16.62 5.11V5.77H1.38V5.11C1.38 4.55 1.59 4.07 2.01 3.67C2.43 3.27 2.92 3.07 3.48 3.07ZM14.52 16.87H3.48C2.92 16.87 2.43 16.66 2.01 16.24C1.59 15.82 1.38 15.33 1.38 14.77V7.21H16.62V14.77C16.62 15.33 16.41 15.82 15.99 16.24C15.57 16.66 15.08 16.87 14.52 16.87ZM6.24 9.97C6.24 10.17 6.17 10.33 6.03 10.45C5.89 10.57 5.72 10.63 5.52 10.63H4.14C3.94 10.63 3.78 10.57 3.66 10.45C3.54 10.33 3.48 10.17 3.48 9.97C3.48 9.77 3.54 9.6 3.66 9.46C3.78 9.32 3.94 9.25 4.14 9.25H5.52C5.72 9.25 5.89 9.32 6.03 9.46C6.17 9.6 6.24 9.77 6.24 9.97ZM14.52 9.97C14.52 10.17 14.46 10.33 14.34 10.45C14.22 10.57 14.06 10.63 13.86 10.63H12.48C12.28 10.63 12.11 10.57 11.97 10.45C11.83 10.33 11.76 10.17 11.76 9.97C11.76 9.77 11.83 9.6 11.97 9.46C12.11 9.32 12.28 9.25 12.48 9.25H13.86C14.06 9.25 14.22 9.32 14.34 9.46C14.46 9.6 14.52 9.77 14.52 9.97ZM10.38 9.97C10.38 10.17 10.31 10.33 10.17 10.45C10.03 10.57 9.86 10.63 9.66 10.63H8.28C8.12 10.63 7.97 10.57 7.83 10.45C7.69 10.33 7.62 10.17 7.62 9.97C7.62 9.77 7.69 9.6 7.83 9.46C7.97 9.32 8.12 9.25 8.28 9.25H9.66C9.86 9.25 10.03 9.32 10.17 9.46C10.31 9.6 10.38 9.77 10.38 9.97ZM6.24 14.11C6.24 14.31 6.17 14.48 6.03 14.62C5.89 14.76 5.72 14.83 5.52 14.83H4.14C3.94 14.83 3.78 14.76 3.66 14.62C3.54 14.48 3.48 14.31 3.48 14.11C3.48 13.91 3.54 13.74 3.66 13.6C3.78 13.46 3.94 13.39 4.14 13.39H5.52C5.72 13.39 5.89 13.46 6.03 13.6C6.17 13.74 6.24 13.91 6.24 14.11ZM14.52 14.11C14.52 14.31 14.46 14.48 14.34 14.62C14.22 14.76 14.06 14.83 13.86 14.83H12.48C12.28 14.83 12.11 14.76 11.97 14.62C11.83 14.48 11.76 14.31 11.76 14.11C11.76 13.91 11.83 13.74 11.97 13.6C12.11 13.46 12.28 13.39 12.48 13.39H13.86C14.06 13.39 14.22 13.46 14.34 13.6C14.46 13.74 14.52 13.91 14.52 14.11ZM10.38 14.11C10.38 14.31 10.31 14.48 10.17 14.62C10.03 14.76 9.86 14.83 9.66 14.83H8.28C8.12 14.83 7.97 14.76 7.83 14.62C7.69 14.48 7.62 14.31 7.62 14.11C7.62 13.91 7.69 13.74 7.83 13.6C7.97 13.46 8.12 13.39 8.28 13.39H9.66C9.86 13.39 10.03 13.46 10.17 13.6C10.31 13.74 10.38 13.91 10.38 14.11Z"
    fill="#050B20" />
</svg>

Transmission: <svg width="18" height="16" viewBox="0 0 18 16" fill="none"
                   xmlns="http://www.w3.org/2000/svg">
  <path
    d="M2.99996 0.680008C2.43996 0.680008 1.95996 0.880007 1.55996 1.28001C1.15996 1.68001 0.959961 2.17001 0.959961 2.75001C0.959961 3.33001 1.15996 3.82001 1.55996 4.22001C1.95996 4.62001 2.43996 4.82001 2.99996 4.82001C3.55996 4.82001 4.03996 4.62001 4.43996 4.22001C4.83996 3.82001 5.03996 3.33001 5.03996 2.75001C5.03996 2.17001 4.83996 1.68001 4.43996 1.28001C4.03996 0.880007 3.55996 0.680008 2.99996 0.680008ZM2.99996 1.82001C3.23996 1.82001 3.45996 1.91001 3.65996 2.09001C3.85996 2.27001 3.95996 2.49001 3.95996 2.75001C3.95996 3.01001 3.85996 3.23001 3.65996 3.41001C3.45996 3.59001 3.23996 3.68001 2.99996 3.68001C2.75996 3.68001 2.53996 3.59001 2.33996 3.41001C2.13996 3.23001 2.03996 3.01001 2.03996 2.75001C2.03996 2.49001 2.13996 2.27001 2.33996 2.09001C2.53996 1.91001 2.75996 1.82001 2.99996 1.82001ZM2.99996 11.18C2.43996 11.18 1.95996 11.38 1.55996 11.78C1.15996 12.18 0.959961 12.67 0.959961 13.25C0.959961 13.83 1.15996 14.32 1.55996 14.72C1.95996 15.12 2.43996 15.32 2.99996 15.32C3.55996 15.32 4.03996 15.12 4.43996 14.72C4.83996 14.32 5.03996 13.83 5.03996 13.25C5.03996 12.67 4.83996 12.18 4.43996 11.78C4.03996 11.38 3.55996 11.18 2.99996 11.18ZM2.99996 12.32C3.23996 12.32 3.45996 12.41 3.65996 12.59C3.85996 12.77 3.95996 12.99 3.95996 13.25C3.95996 13.51 3.85996 13.73 3.65996 13.91C3.45996 14.09 3.23996 14.18 2.99996 14.18C2.75996 14.18 2.53996 14.09 2.33996 13.91C2.13996 13.73 2.03996 13.51 2.03996 13.25C2.03996 12.99 2.13996 12.77 2.33996 12.59C2.53996 12.41 2.75996 12.32 2.99996 12.32ZM8.99996 0.680008C8.43996 0.680008 7.95996 0.880007 7.55996 1.28001C7.15996 1.68001 6.95996 2.17001 6.95996 2.75001C6.95996 3.33001 7.15996 3.82001 7.55996 4.22001C7.95996 4.62001 8.43996 4.82001 8.99996 4.82001C9.55996 4.82001 10.04 4.62001 10.44 4.22001C10.84 3.82001 11.04 3.33001 11.04 2.75001C11.04 2.17001 10.84 1.68001 10.44 1.28001C10.04 0.880007 9.55996 0.680008 8.99996 0.680008ZM8.99996 1.82001C9.23996 1.82001 9.45996 1.91001 9.65996 2.09001C9.85996 2.27001 9.95996 2.49001 9.95996 2.75001C9.95996 3.01001 9.85996 3.23001 9.65996 3.41001C9.45996 3.59001 9.23996 3.68001 8.99996 3.68001C8.75996 3.68001 8.53996 3.59001 8.33996 3.41001C8.13996 3.23001 8.03996 3.01001 8.03996 2.75001C8.03996 2.49001 8.13996 2.27001 8.33996 2.09001C8.53996 1.91001 8.75996 1.82001 8.99996 1.82001ZM8.99996 11.18C8.43996 11.18 7.95996 11.38 7.55996 11.78C7.15996 12.18 6.95996 12.67 6.95996 13.25C6.95996 13.83 7.15996 14.32 7.55996 14.72C7.95996 15.12 8.43996 15.32 8.99996 15.32C9.55996 15.32 10.04 15.12 10.44 14.72C10.84 14.32 11.04 13.83 11.04 13.25C11.04 12.67 10.84 12.18 10.44 11.78C10.04 11.38 9.55996 11.18 8.99996 11.18ZM8.99996 12.32C9.23996 12.32 9.45996 12.41 9.65996 12.59C9.85996 12.77 9.95996 12.99 9.95996 13.25C9.95996 13.51 9.85996 13.73 9.65996 13.91C9.45996 14.09 9.23996 14.18 8.99996 14.18C8.75996 14.18 8.53996 14.09 8.33996 13.91C8.13996 13.73 8.03996 13.51 8.03996 13.25C8.03996 12.99 8.13996 12.77 8.33996 12.59C8.53996 12.41 8.75996 12.32 8.99996 12.32ZM15 0.680008C14.44 0.680008 13.96 0.880007 13.56 1.28001C13.16 1.68001 12.96 2.17001 12.96 2.75001C12.96 3.33001 13.16 3.82001 13.56 4.22001C13.96 4.62001 14.44 4.82001 15 4.82001C15.56 4.82001 16.04 4.62001 16.44 4.22001C16.84 3.82001 17.04 3.33001 17.04 2.75001C17.04 2.17001 16.84 1.68001 16.44 1.28001C16.04 0.880007 15.56 0.680008 15 0.680008ZM15 1.82001C15.24 1.82001 15.46 1.91001 15.66 2.09001C15.86 2.27001 15.96 2.49001 15.96 2.75001C15.96 3.01001 15.86 3.23001 15.66 3.41001C15.46 3.59001 15.24 3.68001 15 3.68001C14.76 3.68001 14.54 3.59001 14.34 3.41001C14.14 3.23001 14.04 3.01001 14.04 2.75001C14.04 2.49001 14.14 2.27001 14.34 2.09001C14.54 1.91001 14.76 1.82001 15 1.82001ZM15 11.18C14.44 11.18 13.96 11.38 13.56 11.78C13.16 12.18 12.96 12.67 12.96 13.25C12.96 13.83 13.16 14.32 13.56 14.72C13.96 15.12 14.44 15.32 15 15.32C15.56 15.32 16.04 15.12 16.44 14.72C16.84 14.32 17.04 13.83 17.04 13.25C17.04 12.67 16.84 12.18 16.44 11.78C16.04 11.38 15.56 11.18 15 11.18ZM15 12.32C15.24 12.32 15.46 12.41 15.66 12.59C15.86 12.77 15.96 12.99 15.96 13.25C15.96 13.51 15.86 13.73 15.66 13.91C15.46 14.09 15.24 14.18 15 14.18C14.76 14.18 14.54 14.09 14.34 13.91C14.14 13.73 14.04 13.51 14.04 13.25C14.04 12.99 14.14 12.77 14.34 12.59C14.54 12.41 14.76 12.32 15 12.32ZM2.45996 4.22001V11.72C2.45996 11.88 2.50996 12.02 2.60996 12.14C2.70996 12.26 2.83996 12.32 2.99996 12.32C3.15996 12.32 3.28996 12.26 3.38996 12.14C3.48996 12.02 3.53996 11.9 3.53996 11.78V4.22001C3.53996 4.10001 3.48996 3.98001 3.38996 3.86001C3.28996 3.74001 3.15996 3.68001 2.99996 3.68001C2.83996 3.68001 2.70996 3.74001 2.60996 3.86001C2.50996 3.98001 2.45996 4.10001 2.45996 4.22001ZM8.45996 4.22001V11.72C8.45996 11.88 8.50996 12.02 8.60996 12.14C8.70996 12.26 8.83996 12.32 8.99996 12.32C9.15996 12.32 9.28996 12.26 9.38996 12.14C9.48996 12.02 9.53996 11.9 9.53996 11.78V4.22001C9.53996 4.10001 9.48996 3.98001 9.38996 3.86001C9.28996 3.74001 9.15996 3.68001 8.99996 3.68001C8.83996 3.68001 8.70996 3.74001 8.60996 3.86001C8.50996 3.98001 8.45996 4.10001 8.45996 4.22001ZM14.46 4.22001V7.22001C14.46 7.30001 14.44 7.36001 14.4 7.40001C14.36 7.44001 14.32 7.46001 14.28 7.46001H2.99996C2.83996 7.46001 2.70996 7.51001 2.60996 7.61001C2.50996 7.71001 2.45996 7.84001 2.45996 8.00001C2.45996 8.16001 2.50996 8.29001 2.60996 8.39001C2.70996 8.49001 2.83996 8.54001 2.99996 8.54001H14.28C14.64 8.54001 14.94 8.42001 15.18 8.18001C15.42 7.94001 15.54 7.62001 15.54 7.22001V4.28001C15.54 4.12001 15.49 3.98001 15.39 3.86001C15.29 3.74001 15.16 3.68001 15 3.68001C14.84 3.68001 14.71 3.74001 14.61 3.86001C14.51 3.98001 14.46 4.10001 14.46 4.22001Z"
    fill="#050B20" />
</svg>

Drive
type:
  <svg width="18" height="19" viewBox="0 0 18 19" fill="none"
       xmlns="http://www.w3.org/2000/svg">
    <path
      d="M17.4 12.93C17.8 11.89 18 10.83 18 9.75C18 8.55 17.77 7.4 17.31 6.3C16.85 5.2 16.2 4.23 15.36 3.39C14.52 2.55 13.55 1.9 12.45 1.44C11.35 0.98 10.2 0.75 9 0.75C7.8 0.75 6.65 0.98 5.55 1.44C4.45 1.9 3.48 2.55 2.64 3.39C1.8 4.23 1.15 5.2 0.69 6.3C0.23 7.4 0 8.55 0 9.75C0 10.95 0.23 12.1 0.69 13.2C1.15 14.3 1.8 15.27 2.64 16.11C3.48 16.95 4.45 17.6 5.55 18.06C6.65 18.52 7.8 18.75 9 18.75C10.68 18.75 12.24 18.31 13.68 17.43C13.84 17.35 13.94 17.21 13.98 17.01C14.02 16.81 13.99 16.63 13.89 16.47C13.79 16.31 13.65 16.21 13.47 16.17C13.29 16.13 13.1 16.15 12.9 16.23C12.42 16.55 11.88 16.81 11.28 17.01C11.32 15.25 11.68 14.03 12.36 13.35C12.8 12.91 13.36 12.69 14.04 12.69C14.6 12.69 15.2 12.83 15.84 13.11C15.68 13.39 15.5 13.67 15.3 13.95C15.18 14.11 15.14 14.29 15.18 14.49C15.22 14.69 15.32 14.84 15.48 14.94C15.64 15.04 15.82 15.07 16.02 15.03C16.22 14.99 16.38 14.89 16.5 14.73C16.82 14.21 17.1 13.67 17.34 13.11L17.4 12.93ZM9 2.13C10.24 2.13 11.39 2.41 12.45 2.97C13.51 3.53 14.4 4.29 15.12 5.25C15.84 6.21 16.3 7.29 16.5 8.49C15.5 8.13 14.48 7.83 13.44 7.59C11.84 7.23 10.35 7.05 8.97 7.05C7.59 7.05 6.12 7.21 4.56 7.53C3.52 7.77 2.5 8.07 1.5 8.43C1.74 7.27 2.21 6.21 2.91 5.25C3.61 4.29 4.49 3.53 5.55 2.97C6.61 2.41 7.76 2.13 9 2.13ZM2.16 13.11C2.84 12.83 3.44 12.69 3.96 12.69H4.02C4.78 12.69 5.36 12.95 5.76 13.47C6.36 14.19 6.68 15.37 6.72 17.01C5.72 16.69 4.83 16.19 4.05 15.51C3.27 14.83 2.64 14.03 2.16 13.11ZM14.04 11.31C12.96 11.31 12.08 11.65 11.4 12.33C10.4 13.33 9.9 14.97 9.9 17.25V17.31C9.58 17.35 9.28 17.37 9 17.37C8.72 17.37 8.42 17.35 8.1 17.31V17.25C8.1 14.97 7.62 13.33 6.66 12.33C5.98 11.65 5.1 11.31 4.02 11.31H3.96C3.24 11.31 2.48 11.47 1.68 11.79C1.52 11.19 1.42 10.59 1.38 9.99C2.18 9.67 3.08 9.39 4.08 9.15C5.84 8.67 7.48 8.43 9 8.43C10.52 8.43 12.22 8.69 14.1 9.21C15.06 9.45 15.88 9.71 16.56 9.99C16.56 10.59 16.48 11.19 16.32 11.79C15.52 11.47 14.76 11.31 14.04 11.31ZM11.4 10.41C11.4 10.61 11.33 10.78 11.19 10.92C11.05 11.06 10.88 11.13 10.68 11.13H7.26C7.06 11.13 6.9 11.06 6.78 10.92C6.66 10.78 6.6 10.61 6.6 10.41C6.6 10.21 6.66 10.04 6.78 9.9C6.9 9.76 7.06 9.69 7.26 9.69H10.68C10.88 9.69 11.05 9.76 11.19 9.9C11.33 10.04 11.4 10.21 11.4 10.41Z"
      fill="#050B20" />
  </svg>

condition:<svg width="18" height="18" viewBox="0 0 18 18" fill="none"
               xmlns="http://www.w3.org/2000/svg">
  <path
    d="M8.99998 10.14C6.27998 10.14 4.19998 10.76 2.75998 12C1.31998 13.24 0.599976 15.02 0.599976 17.34C0.599976 17.54 0.669976 17.7 0.809976 17.82C0.949976 17.94 1.09998 18 1.25998 18H16.74C16.9 18 17.05 17.94 17.19 17.82C17.33 17.7 17.4 17.54 17.4 17.34C17.4 15.02 16.68 13.24 15.24 12C13.8 10.76 11.72 10.14 8.99998 10.14ZM1.97998 16.68C2.21998 13.2 4.55998 11.46 8.99998 11.46C13.44 11.46 15.78 13.2 16.02 16.68H1.97998ZM8.99998 0C8.19998 0 7.45998 0.19 6.77998 0.57C6.09998 0.95 5.56998 1.48 5.18998 2.16C4.80998 2.84 4.61998 3.6 4.61998 4.44C4.61998 5.28 4.81998 6.07 5.21998 6.81C5.61998 7.55 6.14998 8.13 6.80998 8.55C7.46998 8.97 8.19998 9.18 8.99998 9.18C9.79998 9.18 10.53 8.97 11.19 8.55C11.85 8.13 12.38 7.55 12.78 6.81C13.18 6.07 13.38 5.28 13.38 4.44C13.38 3.6 13.19 2.84 12.81 2.16C12.43 1.48 11.9 0.95 11.22 0.57C10.54 0.19 9.79998 0 8.99998 0ZM8.99998 7.86C8.15998 7.86 7.43998 7.53 6.83998 6.87C6.23998 6.21 5.93998 5.41 5.93998 4.47C5.93998 3.53 6.22998 2.77 6.80998 2.19C7.38998 1.61 8.11998 1.32 8.99998 1.32C9.87998 1.32 10.61 1.62 11.19 2.22C11.77 2.82 12.06 3.58 12.06 4.5C12.06 5.42 11.76 6.21 11.16 6.87C10.56 7.53 9.83998 7.86 8.99998 7.86Z"
    fill="#050B20" />
</svg>

Engine
size: <svg width="18" height="13" viewBox="0 0 18 13" fill="none"
           xmlns="http://www.w3.org/2000/svg">
  <path
    d="M17.46 4.46999H15.78C15.62 4.46999 15.48 4.52999 15.36 4.64999C15.24 4.76999 15.18 4.90999 15.18 5.06999V5.60999H14.64V5.06999C14.64 4.90999 14.58 4.77999 14.46 4.67999C14.34 4.57999 14.2 4.52999 14.04 4.52999H13.2L11.64 2.96999C11.6 2.92999 11.54 2.88999 11.46 2.84999C11.38 2.80999 11.32 2.78999 11.28 2.78999H9.54V1.70999H10.68C10.84 1.70999 10.98 1.64999 11.1 1.52999C11.22 1.40999 11.28 1.26999 11.28 1.10999C11.28 0.949993 11.22 0.819993 11.1 0.719993C10.98 0.619993 10.84 0.569993 10.68 0.569993H5.64C5.48 0.569993 5.34 0.619993 5.22 0.719993C5.1 0.819993 5.04 0.949993 5.04 1.10999C5.04 1.26999 5.1 1.40999 5.22 1.52999C5.34 1.64999 5.48 1.70999 5.64 1.70999H6.78V2.78999H5.04L4.8 2.90999L4.62 3.02999L3.66 4.46999H2.28C2.12 4.46999 1.98 4.52999 1.86 4.64999C1.74 4.76999 1.68 4.90999 1.68 5.06999V6.74999H1.14V5.06999C1.14 4.90999 1.08 4.77999 0.96 4.67999C0.84 4.57999 0.7 4.51999 0.54 4.49999C0.38 4.47999 0.25 4.52999 0.15 4.64999C0.05 4.76999 0 4.90999 0 5.06999V10.11C0 10.27 0.05 10.41 0.15 10.53C0.25 10.65 0.38 10.71 0.54 10.71C0.7 10.71 0.84 10.65 0.96 10.53C1.08 10.41 1.14 10.27 1.14 10.11V7.88999H1.68V10.11C1.68 10.27 1.74 10.41 1.86 10.53C1.98 10.65 2.1 10.71 2.22 10.71H3.6L4.56 12.63L4.68 12.75L4.8 12.87L5.04 12.93H11.82C11.9 12.93 11.98 12.91 12.06 12.87L12.24 12.75L14.34 10.11H15.18V10.71C15.18 10.87 15.24 11 15.36 11.1C15.48 11.2 15.62 11.25 15.78 11.25H17.46C17.62 11.25 17.75 11.2 17.85 11.1C17.95 11 18 10.87 18 10.71V5.06999C18 4.90999 17.95 4.77999 17.85 4.67999C17.75 4.57999 17.62 4.52999 17.46 4.52999V4.46999ZM16.86 10.11H16.32V9.56999C16.32 9.40999 16.26 9.26999 16.14 9.14999C16.02 9.02999 15.9 8.96999 15.78 8.96999L14.04 9.02999L13.8 9.08999L13.62 9.20999L11.52 11.79H5.4L4.44 9.80999L4.32 9.68999L4.02 9.56999H2.82V5.60999H3.96H4.14L4.32 5.48999L5.34 3.92999H7.32C7.48 3.92999 7.61 3.87999 7.71 3.77999C7.81 3.67999 7.86 3.54999 7.86 3.38999V1.70999H8.46V3.38999C8.46 3.54999 8.51 3.67999 8.61 3.77999C8.71 3.87999 8.84 3.92999 9 3.92999H11.04L12.54 5.42999C12.58 5.50999 12.64 5.55999 12.72 5.57999C12.8 5.59999 12.88 5.60999 12.96 5.60999H13.5V6.20999C13.5 6.36999 13.55 6.49999 13.65 6.59999C13.75 6.69999 13.88 6.74999 14.04 6.74999H15.78C15.9 6.74999 16.02 6.69999 16.14 6.59999C16.26 6.49999 16.32 6.36999 16.32 6.20999V5.60999H16.86V10.11ZM10.98 5.72999C10.86 5.64999 10.73 5.61999 10.59 5.63999C10.45 5.65999 10.32 5.72999 10.2 5.84999L7.92 9.32999L6.54 8.24999C6.42 8.16999 6.28 8.13999 6.12 8.15999C5.96 8.17999 5.83 8.24999 5.73 8.36999C5.63 8.48999 5.59 8.62999 5.61 8.78999C5.63 8.94999 5.7 9.06999 5.82 9.14999L7.68 10.59C7.8 10.67 7.92 10.71 8.04 10.71H8.1C8.26 10.67 8.38 10.57 8.46 10.41L11.16 6.50999C11.24 6.38999 11.27 6.24999 11.25 6.08999C11.23 5.92999 11.14 5.80999 10.98 5.72999Z"
    fill="#050B20" />
</svg>

door:
  <svg width="18" height="19" viewBox="0 0 18 19" fill="none"
       xmlns="http://www.w3.org/2000/svg">
    <path
      d="M17.52 7.76L10.74 0.98C10.42 0.66 10.04 0.5 9.6 0.5H1.56C1.12 0.5 0.75 0.65 0.45 0.950001C0.15 1.25 0 1.62 0 2.06V16.94C0 17.38 0.15 17.75 0.45 18.05C0.75 18.35 1.12 18.5 1.56 18.5H10.08C10.28 18.5 10.42 18.4 10.5 18.2C11.1 17 11.98 16.04 13.14 15.32C14.3 14.6 15.56 14.24 16.92 14.24H17.46C17.62 14.24 17.75 14.19 17.85 14.09C17.95 13.99 18 13.86 18 13.7V8.9C18 8.46 17.84 8.08 17.52 7.76ZM16.92 13.22C15.36 13.22 13.92 13.62 12.6 14.42C11.4 15.18 10.44 16.18 9.72 17.42H1.56C1.44 17.42 1.33 17.37 1.23 17.27C1.13 17.17 1.08 17.06 1.08 16.94V2.06C1.08 1.94 1.13 1.83 1.23 1.73C1.33 1.63 1.44 1.58 1.56 1.58H9.6C9.76 1.58 9.9 1.62 10.02 1.7L16.8 8.48C16.88 8.6 16.92 8.74 16.92 8.9V13.22ZM15.72 8.96L9.54 2.78C9.46 2.66 9.34 2.6 9.18 2.6H2.64C2.48 2.6 2.35 2.65 2.25 2.75C2.15 2.85 2.1 2.98 2.1 3.14V9.5C2.1 9.66 2.15 9.79 2.25 9.89C2.35 9.99 2.48 10.04 2.64 10.04H15.3C15.46 10.04 15.59 9.99 15.69 9.89C15.79 9.79 15.84 9.66 15.84 9.5V9.32C15.84 9.16 15.8 9.04 15.72 8.96ZM3.18 8.96V3.68H8.94L14.22 8.96H3.18ZM5.82 12.14H2.64C2.48 12.14 2.35 12.19 2.25 12.29C2.15 12.39 2.1 12.52 2.1 12.68V13.22C2.1 13.78 2.31 14.27 2.73 14.69C3.15 15.11 3.65 15.32 4.23 15.32C4.81 15.32 5.3 15.11 5.7 14.69C6.1 14.27 6.3 13.78 6.3 13.22V12.68C6.3 12.52 6.25 12.39 6.15 12.29C6.05 12.19 5.94 12.14 5.82 12.14ZM4.2 14.24C3.92 14.24 3.68 14.14 3.48 13.94C3.28 13.74 3.18 13.48 3.18 13.16H5.28C5.28 13.48 5.18 13.74 4.98 13.94C4.78 14.14 4.52 14.24 4.2 14.24Z"
      fill="#050B20" />
  </svg>

cylinder:<svg width="18" height="19" viewBox="0 0 18 19" fill="none"
              xmlns="http://www.w3.org/2000/svg">
  <path
    d="M2.58 13.45C2.26 13.77 2.1 14.14 2.1 14.56C2.1 14.98 2.26 15.35 2.58 15.67C2.9 15.99 3.27 16.15 3.69 16.15C4.11 16.15 4.48 15.99 4.8 15.67C5.12 15.35 5.28 14.98 5.28 14.56C5.28 14.14 5.12 13.77 4.8 13.45C4.48 13.13 4.11 12.97 3.69 12.97C3.27 12.97 2.9 13.13 2.58 13.45ZM4.08 14.95C3.96 15.03 3.83 15.07 3.69 15.07C3.55 15.07 3.43 15.02 3.33 14.92C3.23 14.82 3.18 14.7 3.18 14.56C3.18 14.42 3.23 14.3 3.33 14.2C3.43 14.1 3.55 14.05 3.69 14.05C3.83 14.05 3.95 14.1 4.05 14.2C4.15 14.3 4.2 14.42 4.2 14.56C4.2 14.7 4.16 14.83 4.08 14.95ZM17.52 4.99L13.26 0.73C12.94 0.41 12.56 0.25 12.12 0.25C11.68 0.25 11.3 0.41 10.98 0.73L6.48 5.17L7.14 5.89C8.02 5.85 8.84 6.03 9.6 6.43L4.92 11.11C4.28 10.87 3.61 10.82 2.91 10.96C2.21 11.1 1.61 11.42 1.11 11.92C0.61 12.42 0.28 12.98 0.12 13.6C-0.04 14.22 -0.04 14.85 0.12 15.49C0.28 16.13 0.6 16.69 1.08 17.17C1.44 17.53 1.84 17.8 2.28 17.98C2.72 18.16 3.19 18.25 3.69 18.25C4.19 18.25 4.66 18.16 5.1 17.98C5.54 17.8 5.94 17.53 6.3 17.17C6.82 16.65 7.15 16.04 7.29 15.34C7.43 14.64 7.38 13.97 7.14 13.33L11.82 8.65C12.22 9.41 12.4 10.23 12.36 11.11L13.08 11.77L17.52 7.27C17.84 6.99 18 6.62 18 6.16C18 5.7 17.84 5.31 17.52 4.99ZM5.58 16.45C5.06 16.93 4.43 17.17 3.69 17.17C2.95 17.17 2.33 16.92 1.83 16.42C1.33 15.92 1.08 15.3 1.08 14.56C1.08 13.82 1.33 13.2 1.83 12.7C2.33 12.2 2.95 11.95 3.69 11.95C4.43 11.95 5.05 12.2 5.55 12.7C6.05 13.2 6.3 13.82 6.3 14.56C6.3 15.3 6.06 15.93 5.58 16.45ZM6.66 12.37C6.54 12.21 6.42 12.07 6.3 11.95C6.18 11.83 6.04 11.71 5.88 11.59L10.5 7.03C10.78 7.27 11.02 7.51 11.22 7.75L6.66 12.37ZM11.64 6.61C10.68 5.69 9.56 5.13 8.28 4.93L10.5 2.71L15.54 7.75L13.32 9.97C13.12 8.69 12.56 7.57 11.64 6.61ZM16.8 6.55L16.32 7.03L11.22 1.93L11.7 1.45C11.82 1.37 11.96 1.33 12.12 1.33C12.28 1.33 12.4 1.37 12.48 1.45L16.8 5.77C16.88 5.85 16.92 5.97 16.92 6.13C16.92 6.29 16.88 6.43 16.8 6.55Z"
    fill="#050B20" />
</svg>

color:
  <svg width="18" height="19" viewBox="0 0 18 19" fill="none"
       xmlns="http://www.w3.org/2000/svg">
    <path
      d="M2.58 13.45C2.26 13.77 2.1 14.14 2.1 14.56C2.1 14.98 2.26 15.35 2.58 15.67C2.9 15.99 3.27 16.15 3.69 16.15C4.11 16.15 4.48 15.99 4.8 15.67C5.12 15.35 5.28 14.98 5.28 14.56C5.28 14.14 5.12 13.77 4.8 13.45C4.48 13.13 4.11 12.97 3.69 12.97C3.27 12.97 2.9 13.13 2.58 13.45ZM4.08 14.95C3.96 15.03 3.83 15.07 3.69 15.07C3.55 15.07 3.43 15.02 3.33 14.92C3.23 14.82 3.18 14.7 3.18 14.56C3.18 14.42 3.23 14.3 3.33 14.2C3.43 14.1 3.55 14.05 3.69 14.05C3.83 14.05 3.95 14.1 4.05 14.2C4.15 14.3 4.2 14.42 4.2 14.56C4.2 14.7 4.16 14.83 4.08 14.95ZM17.52 4.99L13.26 0.73C12.94 0.41 12.56 0.25 12.12 0.25C11.68 0.25 11.3 0.41 10.98 0.73L6.48 5.17L7.14 5.89C8.02 5.85 8.84 6.03 9.6 6.43L4.92 11.11C4.28 10.87 3.61 10.82 2.91 10.96C2.21 11.1 1.61 11.42 1.11 11.92C0.61 12.42 0.28 12.98 0.12 13.6C-0.04 14.22 -0.04 14.85 0.12 15.49C0.28 16.13 0.6 16.69 1.08 17.17C1.44 17.53 1.84 17.8 2.28 17.98C2.72 18.16 3.19 18.25 3.69 18.25C4.19 18.25 4.66 18.16 5.1 17.98C5.54 17.8 5.94 17.53 6.3 17.17C6.82 16.65 7.15 16.04 7.29 15.34C7.43 14.64 7.38 13.97 7.14 13.33L11.82 8.65C12.22 9.41 12.4 10.23 12.36 11.11L13.08 11.77L17.52 7.27C17.84 6.99 18 6.62 18 6.16C18 5.7 17.84 5.31 17.52 4.99ZM5.58 16.45C5.06 16.93 4.43 17.17 3.69 17.17C2.95 17.17 2.33 16.92 1.83 16.42C1.33 15.92 1.08 15.3 1.08 14.56C1.08 13.82 1.33 13.2 1.83 12.7C2.33 12.2 2.95 11.95 3.69 11.95C4.43 11.95 5.05 12.2 5.55 12.7C6.05 13.2 6.3 13.82 6.3 14.56C6.3 15.3 6.06 15.93 5.58 16.45ZM6.66 12.37C6.54 12.21 6.42 12.07 6.3 11.95C6.18 11.83 6.04 11.71 5.88 11.59L10.5 7.03C10.78 7.27 11.02 7.51 11.22 7.75L6.66 12.37ZM11.64 6.61C10.68 5.69 9.56 5.13 8.28 4.93L10.5 2.71L15.54 7.75L13.32 9.97C13.12 8.69 12.56 7.57 11.64 6.61ZM16.8 6.55L16.32 7.03L11.22 1.93L11.7 1.45C11.82 1.37 11.96 1.33 12.12 1.33C12.28 1.33 12.4 1.37 12.48 1.45L16.8 5.77C16.88 5.85 16.92 5.97 16.92 6.13C16.92 6.29 16.88 6.43 16.8 6.55Z"
      fill="#050B20" />
  </svg>

VIN:<svg width="16" height="19" viewBox="0 0 16 19" fill="none"
         xmlns="http://www.w3.org/2000/svg">
  <path
    d="M5.60005 9.15C5.44005 9.15 5.30005 9.09 5.18005 8.97C5.06005 8.85 5.00005 8.71 5.00005 8.55V6.75C4.96005 6.51 5.05005 6.32 5.27005 6.18C5.49005 6.04 5.71005 6.04 5.93005 6.18C6.15005 6.32 6.24005 6.51 6.20005 6.75V8.55C6.20005 8.71 6.14005 8.85 6.02005 8.97C5.90005 9.09 5.76005 9.15 5.60005 9.15ZM8.00005 9.15C7.84005 9.15 7.70005 9.09 7.58005 8.97C7.46005 8.85 7.40005 8.71 7.40005 8.55V6.15C7.40005 5.99 7.46005 5.86 7.58005 5.76C7.70005 5.66 7.84005 5.61 8.00005 5.61C8.16005 5.61 8.30005 5.66 8.42005 5.76C8.54005 5.86 8.60005 5.99 8.60005 6.15V8.55C8.60005 8.71 8.54005 8.85 8.42005 8.97C8.30005 9.09 8.16005 9.15 8.00005 9.15ZM10.4 9.15C10.24 9.15 10.1 9.09 9.98005 8.97C9.86005 8.85 9.80005 8.71 9.80005 8.55V4.95C9.76005 4.71 9.85005 4.52 10.07 4.38C10.29 4.24 10.51 4.24 10.73 4.38C10.95 4.52 11.04 4.71 11 4.95V8.55C11 8.71 10.94 8.85 10.82 8.97C10.7 9.09 10.56 9.15 10.4 9.15ZM12.8 18.75H3.20005C2.52005 18.75 1.95005 18.52 1.49005 18.06C1.03005 17.6 0.800049 17.03 0.800049 16.35V5.49C0.800049 5.05 0.890049 4.62 1.07005 4.2C1.25005 3.78 1.52005 3.43 1.88005 3.15L3.98005 1.47C4.50005 0.990001 5.12005 0.75 5.84005 0.75H12.8C13.48 0.75 14.05 0.980001 14.51 1.44C14.97 1.9 15.2 2.47 15.2 3.15V16.35C15.2 17.03 14.97 17.6 14.51 18.06C14.05 18.52 13.48 18.75 12.8 18.75ZM5.84005 1.95C5.44005 1.95 5.08005 2.09 4.76005 2.37L2.66005 4.11C2.22005 4.47 2.00005 4.93 2.00005 5.49V16.35C2.00005 16.67 2.12005 16.95 2.36005 17.19C2.60005 17.43 2.88005 17.55 3.20005 17.55H12.8C13.12 17.55 13.4 17.43 13.64 17.19C13.88 16.95 14 16.67 14 16.35V3.15C14 2.83 13.88 2.55 13.64 2.31C13.4 2.07 13.12 1.95 12.8 1.95H5.84005ZM11.6 15.15H4.40005C4.16005 15.19 3.97005 15.1 3.83005 14.88C3.69005 14.66 3.69005 14.44 3.83005 14.22C3.97005 14 4.16005 13.91 4.40005 13.95H11.6C11.84 13.91 12.03 14 12.17 14.22C12.31 14.44 12.31 14.66 12.17 14.88C12.03 15.1 11.84 15.19 11.6 15.15ZM11.6 12.15H4.40005C4.24005 12.15 4.11005 12.09 4.01005 11.97C3.91005 11.85 3.86005 11.71 3.86005 11.55C3.86005 11.39 3.91005 11.25 4.01005 11.13C4.11005 11.01 4.24005 10.95 4.40005 10.95H11.6C11.84 10.91 12.03 11 12.17 11.22C12.31 11.44 12.31 11.66 12.17 11.88C12.03 12.1 11.84 12.19 11.6 12.15Z"
    fill="#050B20" />
</svg>



